1 17 0 0 1 29 0 0 0 0 0 0 1 14 0 0 0 0 1 27 
1 11 0 0 1 27 0 0 1 24 1 3 1 22 1 26 0 0 0 0 
0 0 0 0 1 18 0 0 1 17 0 0 0 0 0 0 0 0 1 3 
0 0 0 0 1 1 0 0 0 0 0 0 0 0 1 27 0 0 0 0 
0 0 1 19 0 0 0 0 0 0 1 12 0 0 0 0 1 2 0 0 
0 0 0 0 0 0 1 9 1 20 0 0 1 3 0 0 0 0 0 0 
0 0 0 0 0 0 1 16 0 0 1 28 0 0 0 0 0 0 0 0 
0 0 0 0 0 0 1 9 1 3 0 0 0 0 0 0 0 0 1 27 
0 0 0 0 0 0 1 5 0 0 1 0 0 0 0 0 0 0 0 0 
1 16 1 11 0 0 0 0 0 0 0 0 0 0 1 22 1 10 1 4 
0 0 1 27 1 7 0 0 0 0 0 0 0 0 0 0 0 0 0 0 
0 0 0 0 1 18 1 16 0 0 1 3 0 0 1 12 0 0 1 29 
0 0 0 0 0 0 0 0 0 0 1 2 1 1 0 0 0 0 1 6 
1 18 0 0 0 0 0 0 1 24 0 0 0 0 0 0 0 0 1 8 
0 0 0 0 0 0 0 0 0 0 0 0 0 0 1 0 0 0 0 0 
0 0 0 0 0 0 0 0 1 20 0 0 0 0 0 0 0 0 0 0 
0 0 0 0 0 0 0 0 0 0 1 15 0 0 0 0 0 0 0 0 
0 0 0 0 0 0 0 0 1 18 0 0 1 26 0 0 1 29 0 0 
0 0 0 0 1 12 0 0 1 8 0 0 1 17 0 0 1 15 0 0 
0 0 1 2 0 0 1 15 0 0 0 0 1 26 0 0 0 0 0 0 
1 24 0 0 1 18 1 21 1 29 0 0 0 0 1 29 0 0 1 3 
0 0 1 18 1 9 0 0 0 0 1 25 1 25 0 0 0 0 0 0 
0 0 1 2 0 0 0 0 1 29 0 0 0 0 0 0 1 5 0 0 
0 0 0 0 1 2 0 0 1 28 0 0 0 0 0 0 0 0 0 0 
0 0 0 0 0 0 0 0 0 0 0 0 0 0 0 0 0 0 0 0 
0 0 0 0 0 0 1 5 0 0 0 0 1 26 1 26 0 0 0 0 
0 0 0 0 0 0 1 8 1 5 0 0 0 0 1 28 0 0 1 1 
0 0 0 0 1 19 1 15 1 13 0 0 0 0 0 0 1 9 0 0 
0 0 0 0 1 5 0 0 0 0 0 0 0 0 1 8 0 0 0 0 
0 0 0 0 1 2 0 0 0 0 0 0 0 0 0 0 0 0 0 0 
